6.9746068491
6.97907289769
6.98325635219
6.98763696291
6.99177186571
6.99591922149
7.00006855693
7.00427181113
7.00827699302
7.01237086148
7.01633195675
7.02018307193
7.02402788707
7.02817986141
7.03229318548
7.03626093798
7.04002664593
7.04366113894
7.0477551829
7.05119717421
7.05505508937
7.05887711364
7.06223721052
7.06649015913
7.06976659297
7.07360025213
7.07679329937
7.08099139883
7.08406116559
7.08766388907
7.09116181312
7.09456167498
7.09825426405
7.10136683875
7.1051205042
7.10848771855
7.11151250028
7.11497567572
7.11855007382
7.1217492146
7.12515703979
7.12821075584
7.13171701912
7.13496777735
7.13801220166
7.14117506937
7.14450149635
7.1477337975
7.15089141864
7.15351788725
7.15697677959
7.15953671172
7.16325585532
7.16601141394
7.16928947717
7.17192010815
7.17483067603
7.17828246622
7.18120947049
7.18366512123
7.18676245156
7.18949201107
7.19230452181
7.19534202037
7.19810188286
7.20066635681
7.20349675997
7.20642276082
7.20907560438
7.21189441563
7.21501040261
7.21758308478
7.22027812101
7.22283087602
7.22538429099
7.22806547815
7.2305238139
7.23336295392
7.23572163221
7.2386783287
7.24088544129
7.24368992879
7.24629925994
7.24857690427
7.25119994361
7.25365355248
7.25594947134
7.25846894545
7.26119338099
7.2632364208
7.26601109087
7.26814759198
7.27087883752
7.27319684574
7.27563997974
7.2779904389
7.28015244697
7.28265372047
7.28503535393
7.28712439359
7.28942232914
7.29191765016
7.29414929349
7.29596119028
7.29847205099
7.30070703111
7.30294746084
7.30499207694
7.30693761721
7.30965745038
7.31140215747
7.31363392756
7.31602517502
7.31814375484
7.3206089834
7.32222382623
7.32423640468
7.32649180405
7.32876384217
7.33066913019
7.33273779709
7.33488867772
7.33665542212
7.33905041709
7.34109178063
7.3429492287
7.34493977486
7.34664939866
7.34876521865
7.35050161087
7.35263867291
7.35463506674
7.35658964249
7.35848799265
7.36023111287
7.36232671944
7.36407015695
7.3661056471
7.36822033443
7.36986446549
7.37140191364
7.37369482231
7.37544387351
7.37728357953
7.37883215441
7.38076097998
7.38248531853
7.38459300566
7.38616966122
7.38786558187
7.38974196089
7.39140747326
7.39307996525
7.39496027226
7.39657424435
7.39844972618
7.40024981251
7.40170342614
7.4033939149
7.40501670903
7.40704642019
7.40846532173
7.41006581643
7.41173089216
7.41324980331
7.41495684765
7.41659813925
7.41849221673
7.42001203022
7.42134324814
7.42321808492
7.42458422236
7.42591362482
7.42766586433
7.42946455306
7.43081086398
7.43267201245
7.43397985827
7.43549523788
7.43736332517
7.43858159389
7.44033848068
7.44172769008
7.44322279599
7.4447482603
7.44620973375
7.44762553005
7.4491583115
7.45059570513
7.45191492729
7.45332968536
7.45496250891
7.45621991808
7.45776605497
7.4592923551
7.4605036642
7.46189474664
7.46356038167
7.46472268106
7.46620461822
7.46748124855
7.46912669691
7.47031540522
7.47151332026
7.47322808869
7.47426559897
7.47568411069
7.47702357916
7.47839042417
7.4798166203
7.48109946044
7.48213407669
7.48376984121
7.48485633903
7.48622872876
7.48773003481
7.48905191734
7.49021693827
7.49154093492
7.49262987467
7.4938056613
7.49519643816
7.49649502705
7.49787316798
7.499017922
7.50028203097
7.5014833628
7.50262194394
7.50391028162
7.50515073027
7.50641169051
7.50785699937
7.50873904342
7.50983253794
7.51121615789
7.51228627496
7.51339275896
7.51482814383
7.51575087651
7.51706611789
7.51831162325
7.5194878368
7.52052946105
7.52187664166
7.5228306275
7.52396175203
7.52510504706
7.52618994448
7.52738370765
7.52844559157
7.52932493111
7.53097408285
7.53160659006
7.5328907695
7.53385535881
7.5351858997
7.53606705822
7.53725635376
7.53826308405
7.5393756937
7.54035984081
7.54155873378
7.54256431377
7.54370571056
7.54473252109
7.54570254872
7.54689421476
7.54773238815
7.54871246541
7.54969745988
7.55080532609
7.55188828531
7.55290304136
7.55381808328
7.55476584793
7.55576352022
7.55693802691
7.55815600754
7.55904420311
7.55989094713
7.56066724597
7.56201555216
7.56278297332
7.56387492262
7.56482661179
7.56576215174
7.56670914506
7.56769786603
7.56859017439
7.5697551496
7.57054935241
7.57141927523
7.5724139573
7.57337622249
7.57421100293
7.57506826799
7.57599103149
7.57727722554
7.57808422765
7.57895479253
7.57971789324
7.58080703271
7.58155163722
7.58265853833
7.58333413311
7.58427078387
7.58525189559
7.58619139217
7.58699749594
7.58774521171
7.58868354395
7.58979595448
7.59035584435
7.59140378736
7.59203125313
7.59298371261
7.59386787394
7.59457404501
7.59543747465
7.596296431
7.59711379265
7.59815411621
7.59889370069
7.59959099611
7.60070136683
7.60134215598
7.60237403423
7.60288879875
7.60391882568
7.60494216929
7.60543647472
7.60620942414
7.6071665971
7.60788314461
7.60881244158
7.60950908295
7.61026484008
7.61112814551
7.61187852479
7.6128159767
7.61359236952
7.61427640247
7.61496418638
7.61602096108
7.61649477055
7.61727361484
7.61823505961
7.61898184914
7.61974899708
7.62038609936
7.62125663701
7.62192946086
7.62258721525
7.62321956478
7.62401611749
7.62485603922
7.62554941088
7.6262381157
7.62705179748
7.62789101423
7.62848538076
7.62916983503
7.62990501948
7.63068463842
7.63144635597
7.63209122329
7.63284726863
7.63357769428
7.63422681382
7.63505863276
7.63557542114
7.6363321811
7.636977224
7.6378044349
7.63859765735
7.63923723261
7.63967068908
7.64030930576
7.6411039902
7.64188576502
7.64254458768
7.6432490118
7.64388114201
7.64453226029
7.64524398594
7.64586932245
7.64669957772
7.64712949925
7.64781119352
7.64855608487
7.64912933183
7.64982294012
7.65036341313
7.65116206583
7.65182775587
7.65241359489
7.65297233764
7.65386044272
7.65416834477
7.65511347678
7.6556706412
7.6563009669
7.65692228488
7.65757124115
7.65813215212
7.65872920975
7.65939166793
7.66011503264
7.66059068453
7.66106141965
7.66181870157
7.66251606616
7.66304998323
7.66368533862
7.66419440072
7.66469906078
7.66549813164
7.66593126232
7.66662708238
7.66724443327
7.66787977946
7.66822875403
7.66883220454
7.66961254057
7.67013852135
7.67055633733
7.67121412936
7.67194703097
7.67259748718
7.67302894031
7.67342102381
7.67427100401
7.67462489161
7.67517236438
7.67587161835
7.67641490831
7.67704362588
7.67752114335
7.67801268514
7.6785248707
7.67930615033
7.67972891183