6.97452069709
6.97918187585
6.98299599689
6.98721988247
6.99172305803
6.99561762943
6.99994609317
7.00421713805
7.00820100868
7.01209697507
7.01639669881
7.02023368813
7.02419816625
7.02843051389
7.03173138614
7.03601810423
7.03966830457
7.04401204362
7.04738993771
7.05138224475
7.05518715207
7.05877531741
7.06245512295
7.06585850246
7.06934363859
7.07338956519
7.07721361656
7.08035707948
7.08392673767
7.0879514273
7.0913892335
7.09492067008
7.09840254357
7.10195499071
7.10532641097
7.10884809376
7.11212290209
7.11483172993
7.11833963033
7.12172121186
7.12513015498
7.12859989624
7.13144141647
7.1348546374
7.13818217404
7.14111392478
7.14439190036
7.14750583971
7.15066921057
7.15371455175
7.1567413498
7.16006526008
7.16281778621
7.16579416795
7.16876905501
7.17199843348
7.17491243759
7.17794557257
7.18090080353
7.18358355089
7.18676067659
7.18954549005
7.19247352476
7.19520678057
7.19807706274
7.20086997477
7.20367775265
7.20659031179
7.20914890781
7.21217654895
7.21459763201
7.21729523516
7.21997266569
7.22271207934
7.2253649858
7.22775991635
7.2308293617
7.23315191165
7.23574717567
7.23853295523
7.24089665693
7.24381053925
7.24641976311
7.24869734924
7.25127176615
7.25369080652
7.25639045813
7.25866235448
7.26128524899
7.26356678361
7.26598546363
7.26823271345
7.27063242094
7.27305822436
7.27560615241
7.27811113513
7.28002176699
7.28239793475
7.28479603594
7.28725596888
7.28920561406
7.29168633055
7.29394071238
7.29618270965
7.29815388736
7.30090007172
7.30298792036
7.3051174574
7.30760293083
7.30962223576
7.31154914672
7.31367038787
7.31582051341
7.31803140844
7.32026793762
7.3221599414
7.32463671451
7.3263717309
7.32839133871
7.33048585387
7.33271555993
7.33476075942
7.33709281221
7.33871378487
7.34095090327
7.34284695923
7.34490263105
7.34666247476
7.34892053677
7.35072087495
7.35248745107
7.35489671922
7.35638392447
7.35844247836
7.36045520048
7.36236636036
7.36431332027
7.36603661429
7.36795223866
7.36970349483
7.37175207373
7.37332904336
7.37506748422
7.37688815607
7.37901887498
7.38072032683
7.38239449973
7.38425119578
7.38606362276
7.38782339499
7.38961911241
7.39161565633
7.39320958051
7.39492096345
7.39668590994
7.39823942634
7.40011868174
7.40166679687
7.40319176071
7.40512240885
7.40678814453
7.40831211135
7.41018488774
7.41180864271
7.41347359543
7.41508328877
7.41650388158
7.41816567874
7.41987552011
7.42156528735
7.4231159719
7.42467008074
7.42624927686
7.42800962293
7.42921708574
7.43103800028
7.43249800362
7.43382689775
7.43565513058
7.43711312722
7.43868762728
7.44008771144
7.44183339747
7.44324505382
7.44476466213
7.44622557958
7.44765753563
7.44905063226
7.45048991838
7.45183862717
7.45384330294
7.45497942343
7.45641222475
7.45768466747
7.45914028508
7.46053936846
7.46207223953
7.46352615948
7.464763687
7.46621042583
