7.46881769394
7.47049689087
7.47162311987
7.4730046742
7.47443625161
7.47569516363
7.47717068719
7.47841676377
7.48003826284
7.48115783459
7.48218890907
7.4838299239
7.48513670375
7.48615448897
7.48764231732
7.48895962555
7.49012943789
7.49168510356
7.49259008893
7.49389166614
7.49495274764
7.49659317598
7.49757549308
7.49894080868
7.5002235714
7.50146385798
7.50286230507
7.50419507255
7.50515122528
7.50646194127
7.50751933092
7.50882456212
7.50996355792
7.51109633955
7.51254403897
7.51343114616
7.51461565324
7.51599759696
7.51705166658
7.51805473134
7.51944520719
7.52060402624
7.52160596952
7.52266003872
7.5237203706
7.52508043329
7.52614546414
7.52739176731
7.52864193877
7.52953105256
7.53071540327
7.53173740922
7.53277538549
7.53384842484
7.53507778394
7.53618844477
7.53724212563
7.53845735286
7.53927792966
7.5403618287
7.54135968446
7.54253465216
7.54355710213
7.5447844312
7.54571993604
7.54662204627
7.5478662608
7.54896404646
7.54991779387
7.55079394246
7.55195714478
7.5531469726
7.55392572466
7.55495457865
7.55593629896
7.55686647928
7.55805264821
7.55898838685
7.55980951502
7.5609227107
7.5618558913
7.56281813442
7.56382851357
7.56452218341
7.56578774067
7.56659042328
7.56770153948
7.56865910277
7.56934685137
7.57042186854
7.57152272225
7.57235532854
7.57337659313
7.57434892701
7.57525763425
7.57595607317
7.57709538976
7.57809912785
7.57885984808
7.579732775
7.58078011284
7.58144583215
7.58267234859
7.58345476356
7.58421370334
7.58520486343
7.58617358154
7.58692863935
7.5880135665
7.58848903651
7.58956537147
7.59036841855
7.59134162229
7.59233157159
7.59287445587
7.59393554724
7.59486709316
7.59564539263
7.5964407563
7.59726910605
7.59817107654
7.59893745548
7.59957431185
7.60065194706
7.60140115476
7.60235797176
7.60327239927
7.60373828202
7.60448901313
7.6055681433
7.60636137931
7.60720109929
7.60801065998
7.60884696994
7.60941419172
7.61037562457
7.61115984464
7.61186313469
7.61255123521
7.61356651554
7.61422960052
7.61497260238
7.61569932519
7.61655018026
7.6175081431
7.61824687257
7.61877731508
7.61950196452
7.62031233036
7.62103897199
7.62174762408
7.62259550643
7.62351425264
7.62419004018
7.62497684315
7.62554981391
7.62623654363
7.62702188961
7.62789898388
7.62843928832
7.62931071374
7.6299778995
7.630693452
7.63144169618
7.63211801534
7.63280546283
7.63353634381
7.63414978756
7.63479403439
7.63570347096
7.63636175737
7.63696520919
7.63765208368
7.63841982628
7.63900098019
7.63990767508
7.64055027006
7.64124743847
7.64184136925
7.64259026242
7.64309991679
7.64389627937
7.64473931171
7.64530691863
7.6457763421
7.64656292548
7.64711725583
7.6478565356
7.64840868864
7.64912700501
7.64990646086
7.65049116483
7.65111407702
7.6516243689
7.65254732272
7.65317971703
7.65366542194
7.65440731664
7.65488051069
