7.65614787944
7.65699772036
7.65757215098
7.65815500878
7.65872325754
7.65928064622
7.65993743724
7.66052762462
7.66139137329
7.66196287157
7.66249644211
7.66293876736
7.66376002691
7.6643059755
7.6647027238
7.66527115193
7.6659978001
7.66665262171
7.66722978822
7.66777664059
7.66831172698
7.66892154063
7.66952745424
7.6701861804
7.67058055268
7.67128161691
7.67183374404
7.67242094906
7.6731704656
7.67356684793
7.67411978861
7.6747836284
7.67518533563
7.67590061876
7.67656001212
7.67688450189
7.67747925596
7.67816093231
7.67874244396
7.67930874584
7.6797504062
7.68022933426
7.68091273555
7.68144506691
7.68194872327
7.68254856052
7.68293322117
7.68363715771
7.68416444395
7.68467880328
7.68522546588
7.6858268585
7.68634746867
7.68693533006
7.68738240712
7.6877426238
7.68844632225
7.68881606361
7.6892840897
7.68986977029
7.69030138015
7.69093022083
7.69147283318
7.69196311034
7.69250007467
7.69305336168
7.69355498093
7.69416408387
7.69468043202
7.69502520104
7.69544469072
7.6960601995
7.69662302902
7.69708346231
7.69736538864
7.69798127573
7.69848551972
7.69898768487
7.69944871682
7.69990711143
7.70038345343
7.70104424635
7.70145142802
7.7019373946
7.70234767115
7.70286203406
7.70336615387
7.70381378433
7.70444925943
7.70479989512
7.70519736604
7.70587776383
7.706247559
7.70669811457
7.70721329025
7.70770408109
7.70806912527
7.70870420985
7.70908755423
7.709590481
7.70993309856
7.71049485853
7.71090155985
7.71122557591
7.71179388661
7.7122130853
7.71262742184
7.71307451497
7.71361490913
7.71399108382
7.71440466823
7.71495131496
7.71523840878
7.7159443913
7.71620596725
7.71665230372
7.7170286555
7.7174338101
7.71781415555
7.71831716109
7.71878609503
7.71934557663
7.71964265065
7.7199789706
7.72056458118
7.72101665987
7.72158303023
7.72186579464
7.72218596855
7.72270560524
7.72316810372
7.72339924592
7.72390796301
7.72438349436
7.72466356729
7.72509854493
7.72557493709
7.72599440806
7.72630745545
7.7266340904
7.72709806186
7.72757216411
7.72793087084
7.72836590461
7.72873988571
7.72916177639
7.7296378173
7.72995355254
7.73048121599
7.73088849429
7.73118223423
7.73152949472
7.73197604001
7.73222654304
7.73275742745
7.73305757058
7.73364376662
7.73388683836
7.73424268251
7.73461150442
7.7349851276
7.73545502394
7.73587266426
7.73623657355
7.7366591878
7.73720214683
7.73742509974
7.73772142367
7.73814663815
7.73862154784
7.73887674923
7.73925586075
7.73970387071
7.74008112667
7.74046458555
7.74079679938
7.74110386207
7.7414839544
7.74192348434
7.74236683163
7.74243069789
7.74300152582
7.74330668753
7.74358610872
7.74403243707
7.74437022526
7.74487012382
7.74509461838
7.74538086659
7.74577078522
7.74620870321
7.74666320204
7.74690876487
7.74726859899
7.74757307994
7.74794711403
7.74824194865
7.74869401334
7.7490495196
