7.74975536175
7.74997882378
7.75031680505
7.75077863407
7.75108481368
7.75135665385
7.75166807285
7.75216282744
7.75234581582
7.75265868891
7.75295323863
7.75344664141
7.75377769994
7.75418677768
7.75444967857
7.75483791133
7.75518713967
7.75533840651
7.75568915498
7.75610002142
7.7563142334
7.75667796126
7.75709652606
7.75727742
7.75778981679
7.75799452276
7.75832718622
7.75861451165
7.75890710706
7.7592585153
7.75973103267
7.75982973529
7.76033555486
7.76061147264
7.76099674367
7.76112356833
7.76153231405
7.76174398236
7.76214286139
7.76241750549
7.76283866474
7.76307198152
7.76343657163
7.76377408845
7.76407130921
7.76430572086
7.76456416971
7.76494661878
7.76533434365
7.76560695203
7.76587314608
7.76621485102
7.76633903937
7.76660462914
7.76689661165
7.76731323442
7.76784601467
7.76791037613
7.76823388796
7.76838236304
7.76889314991
7.76909013341
7.76931888923
7.76970525536
7.76989384727
7.77019206023
7.77065696182
7.77089172365
7.77118670436
7.77135206623
7.7717226738
7.77207984661
7.77248317562
7.77255980395
7.77285831175
7.77305771044
7.77346045615
7.7736814092
7.77395520773
7.77419583453
7.77455426913
7.77483500166
7.77517972013
7.77544273098
7.77572053572
7.77602233278
7.77618007524
7.77652162137
7.77674438669
7.77708168715
7.77726414156
7.77765408021
7.77798047418
7.77826087391
7.77851820796
7.77870826724
7.77908660101
7.77922610692
7.77950350287
7.77975283007
7.78008049384
7.7802727143
7.78052116045
7.78081391793
7.78116108109
7.78147139221
7.78160722827
7.78198283619
7.78224063735
7.78246942822
7.78268710697
7.7828907807
7.78322340087
7.78357697026
7.78370569471
7.78395434964
7.78432591493
7.7845186257
7.78468545197
7.78501772199
7.78527782047
7.78562558583
7.78586437638
7.78606837944
7.78639969746
7.78656583847
7.78683083599
7.78695352485
7.78731585897
7.78761883453
7.78779466831
7.78797593431
7.7882948458
7.7886402081
7.78879707583
7.78910530449
7.78935912429
7.78965574231
7.78982309825
7.79001001959
7.79035315686
7.79056374909
7.79075960864
7.79096536189
7.79128106522
7.79152377585
7.79173230998
7.79201762416
7.79221263335
7.79248133062
7.792736183
7.79296809733
7.79315764683
7.79350485391
7.79371428512
7.7939000565
7.79409886561
7.79430963388
7.79450364628
7.79486854893
7.79506312935
7.79522706007
7.79550895388
7.79583078648
7.79603690135
7.79623421211
7.79650079784
7.79666596451
7.79685560909
7.79720248723
7.79740608245
7.79754235283
7.79784128096
7.79808363701
7.79826384527
7.79837803938
7.79877565765
7.79895618979
7.79917114283
7.79935015343
7.79961109069
7.79975548397
7.80008080592
7.80034298934
7.80052229601
7.80081828862
7.80102243531
7.80121292703
7.80136885006
7.80163892238
7.80186431268
7.80204362818
7.80222210118
7.80248112038
7.80271148061
7.8030429498
7.80320455652
7.80330298268
7.80355094361
