7.80398155512
7.80412807579
7.80442224347
7.80461476006
7.80487051087
7.80509753169
7.80522502085
7.80546026702
7.8056665999
7.80589183434
7.80612923193
7.80630841799
7.80649892904
7.80675330208
7.80686270965
7.80712878049
7.80739386169
7.80753012123
7.80766439646
7.80794171934
7.80820093831
7.80825926178
7.80859110967
7.80872193338
7.80895167386
7.80921420767
7.80939417168
7.80956614791
7.80970664362
7.80988919297
7.81012936365
7.81046382808
7.81065877651
7.81068386022
7.81089922183
7.81118901855
7.81141173059
7.8114887362
7.81171678029
7.81203656903
7.81213569695
7.81234595236
7.81252479136
7.81272668993
7.81289195715
7.81306364995
7.81327513019
7.8134798685
7.81371897737
7.81390600134
7.81413045174
7.81431775404
7.81450296986
7.81463596526
7.81485632589
7.8150518929
7.81525592416
7.81540730426
7.8155825562
7.8158225419
7.81604751963
7.81606437256
7.8163232755
7.81643547319
7.81668580327
7.8169110928
7.817126638
7.81741678971
7.81745680131
7.81771140017
7.8178246323
7.81805866939
7.81825319094
7.81833786904
7.81851553818
7.81873175998
7.8189299896
7.81914432178
7.81933907553
7.81943660855
7.81977507993
7.81978904964
7.81999620035
7.82019285491
7.82037038745
7.82050260071
7.82068160165
7.8208831217
7.82110614628
7.82127390006
7.82149683885
7.82161622406
7.82183535982
7.8219708283
7.82226992925
7.82249572111
7.82248352687
7.82266336804
7.82287241367
7.82309017547
7.82315227783
7.82333513272
7.82346950538
7.82363718727
7.82393016833
7.82408335591
7.82413903098
7.82445527804
7.82454397851
7.82471270915
7.82492699216
7.82496358288
7.82519581985
7.82549493774
7.82562807483
7.82577378684
7.82592754235
7.82610600272
7.82629584836
7.8263923733
7.82650506231
7.8267454167
7.82683164007
7.82710205881
7.82721486006
7.82740097905
7.827579938
7.82767178316
7.82791532584
7.82810511976
7.82826693961
7.82839087359
7.82860790357
7.82875340116
7.82888018062
7.82912531444
7.82916137134
7.82942279142
7.82961750543
7.82973068746
7.82980869485
7.83008812782
7.83023106201
7.83031398054
7.83049482458
7.83075396756
7.83078232741
7.83091539363
7.83118314703
7.83132919257
7.83145230688
7.83162445207
7.83181922479
7.83179062099
7.83208192669
7.8323219873
7.83248247039
7.83253694637
7.8326225382
7.83271424876
7.8330224992
7.83318542239
7.83339663858
7.83342584041
7.83367412899
7.83378624905
7.83396557321
7.83409178577
7.83428537483
7.83443392792
7.83444582377
7.83464450628
7.83481099455
7.83504854943
7.83515671346
7.8353763219
7.83547852479
7.83559382866
7.83576946648
7.83595681839
7.83607415119
7.83616649917
7.83633479595
7.83653659411
7.83666904687
7.83681578799
7.8369693674
7.83713615471
7.83714999021
7.83738168434
7.83747805672
7.83770088441
7.83788367887
7.83796270001
7.83812819849
7.83822501814
7.83828116606
7.83853170842
7.83877353952
