7.83897752771
7.83910258354
7.83922339723
7.83943954427
7.83959748152
7.8397096036
7.83986536929
7.83988610666
7.84011193869
7.84034850235
7.84041623842
7.84050789279
7.84069060379
7.84081428987
7.84097144144
7.84110980752
7.84121939355
7.84143289022
7.84143908121
7.84166027115
7.84181732556
7.84198681854
7.84207782195
7.84221537551
7.84234378976
7.84252107538
7.84267017672
7.84279251386
7.84295385365
7.84302170141
7.84313607339
7.84329213233
7.84348740082
7.84355801731
7.84372045894
7.8438491185
7.84402549712
7.84409517801
7.84418240369
7.84441040451
7.84449531598
7.84459419966
7.8448051791
7.84490245482
7.84504167666
7.84526207132
7.84540127483
7.84548466166
7.84558200323
7.84582144702
7.84582156973
7.84594026564
7.84616823421
7.84614673727
7.84635995347
7.84652295577
7.84657018422
7.84676411925
7.84682163453
7.8470471937
7.84719304139
7.8473307716
7.84738511989
7.84748770986
7.84762302168
7.84799577751
7.84790266915
7.84803468646
7.84809778344
7.84828435538
7.84847462135
7.84857826849
7.84864200166
7.84876212208
7.84891905724
7.84902752965
7.84914768321
7.8492963124
7.84949977057
7.84955492919
7.84967662744
7.84983717519
7.84990608199
7.85008320104
7.85013231292
7.85031317122
7.85043316222
7.85059662734
7.85069058792
7.85079132087
7.85092140267
7.85101338182
7.85116572812
7.85127913668
7.85150438853
7.85158700616
7.85162217401
7.85176125179
7.85186905714
7.85199585811
7.85214944587
7.85225516918
7.85236753143
7.8524997594
7.85264581448
7.85277424163
7.85282159239
7.85302625747
7.85306212485
7.85322870511
7.85338357803
7.85344186683
7.85347248239
7.85373113255
7.85379434201
7.85393351837
7.85402964256
7.85412006947
7.85439292421
7.8543779248
7.8545958033
7.8546549582
7.85466723057
7.85483534301
7.85498964898
7.85509262288
7.85520686408
7.8553072075
7.85546399016
7.85565020525
7.85567690704
7.85582662864
7.85595209094
7.85601904325
7.8561659419
7.85620699651
7.85632690314
7.85649214504
7.85667826356
7.85670343252
7.85677857117
7.85695782799
7.85706808501
7.85713193588
7.85728110034
7.85739741847
7.85747620631
7.85761290853
7.8577692388
7.85790779536
7.8579362791
7.85808505756
7.85818808639
7.85833074255
7.8583349703
7.8585585167
7.85866452632
7.85872955575
7.85883274144
7.85892001973
7.85905311991
7.85924536804
7.85927125954
7.85941184212
7.85950960939
7.85965919191
7.85968543198
7.85983849464
7.85998158045
7.86003255094
7.86010613762
7.86025483299
7.86041634895
7.86047447501
7.86059855878
7.8606864913
7.86077456943
7.86094695731
7.86097711167
7.86115096004
7.86125148808
7.86133394645
7.8613809356
7.86155635028
7.86160980627
7.86170941651
7.86184327419
7.86196186004
7.8620330873
7.86219533792
7.86229503266
7.86236157456
7.86251031756
7.86259693565
7.86271415326
7.86278705415
7.8629838779
7.86301147252
7.86312497226
