7.8633711724
7.86347469857
7.86349995991
7.86362243964
7.86370970351
7.86383570269
7.86383509392
7.86405889592
7.86413850252
7.86418122712
7.86438055077
7.86443357319
7.86449678669
7.86460860425
7.86470528985
7.86485152625
7.86499400057
7.86505803482
7.86522436071
7.86521041609
7.86535038499
7.86547841229
7.8655715462
7.86560652215
7.86574120832
7.86583033121
7.8659701019
7.86604489228
7.86611011886
7.86620165445
7.86630142716
7.866432088
7.8665644614
7.86663910126
7.86669910795
7.86683438065
7.86696573489
7.86700792419
7.86708981809
7.86716894238
7.86728970917
7.86742009676
7.86743801289
7.86756681809
7.86770174595
7.86783098941
7.86790079183
7.86797038137
7.86810496747
7.868217572
7.86825395223
7.86836647215
7.86845148582
7.86854997312
7.86862718917
7.86872893501
7.86889935357
7.86894746153
7.86903348584
7.8691276773
7.86926520171
7.86935051617
7.86947406711
7.86954072913
7.86962260214
7.86968193001
7.86986781855
7.869925231
7.87003079443
7.8701053683
7.87016384977
7.87031318389
7.87034720507
7.87037492347
7.87046988916
7.87065157059
7.87071915219
7.87081395738
7.87085594232
7.87096382496
7.87107485397
7.8712107511
7.87127622708
7.8713828384
7.87147050847
7.87152485175
7.87159343915
7.87169531915
7.8718525683
7.87187693638
7.87195930601
7.87206208986
7.8721992021
7.87223038289
7.8723493945
7.87245995378
7.87252044026
7.87264390281
7.87263678966
7.87276570541
7.87289421379
7.87296190918
7.87300974102
7.87313010145
7.87320667716
7.87326729177
7.87332248069
7.87348689871
7.87357494075
7.87365787128
7.87380577107
7.87381692185
7.87399560253
7.87400633795
7.87409380502
7.87413961856
7.87425090647
7.87436735265
7.874428068
7.87459738181
7.87466475757
7.87470963953
7.87481648784
7.87485975252
7.87497543356
7.87502447312
7.87514416104
7.87522960827
7.87540771631
7.87535976223
7.87550497322
7.87563074707
7.8756652161
7.8757700862
7.87588972827
7.87593856363
7.8759635001
7.87605725697
7.87622865241
7.87627104758
7.87637997195
7.87635344328
7.876498771
7.87657986296
7.87671808222
7.8768146911
7.87685890604
7.87694704898
7.877022174
7.87716896593
7.87715547323
7.877201284
7.87736459218
7.877388407
7.87751691466
7.87764018068
7.87769513298
7.87775064666
7.8778824841
7.87795572514
7.87798875683
7.87807717812
7.87821610705
7.87831994559
7.87834923476
7.87837430311
7.87850420883
7.87859513667
7.87865718323
7.87877461066
7.87884520137
7.8788472199
7.87892439951
7.87905093576
7.87911430218
7.87921924251
7.87932240655
7.87936629791
7.87946131841
7.87953673974
7.87962373792
7.87972152313
7.87979517449
7.87988593818
7.87990537729
7.88000039995
7.88015175746
7.88015026045
7.88027409966
7.88036237196
7.88041076954
7.88047167408
7.88055101196
7.88061757261
7.88076806338
7.88078523982
7.88085732906
7.88098320877
7.88104523593
