6.97452069709
6.97918187585
6.98299599689
6.98721988247
6.99172305803
6.99561762943
6.99994609317
7.00421713805
7.00820100868
7.01209697507
7.01639669881
7.02023368813
7.02419816625
7.02843051389
7.03173138614
7.03601810423
7.03966830457
7.04401204362
7.04738993771
7.05138224475
7.05518715207
7.05877531741
7.06245512295
7.06585850246
7.06934363859
7.07338956519
7.07721361656
7.08035707948
7.08392673767
7.0879514273
7.0913892335
7.09492067008
7.09840254357
7.10195499071
7.10532641097
7.10884809376
7.11212290209
7.11483172993
7.11833963033
7.12172121186
7.12513015498
7.12859989624
7.13144141647
7.1348546374
7.13818217404
7.14111392478
7.14439190036
7.14750583971
7.15066921057
7.15371455175
7.1567413498
7.16006526008
7.16281778621
7.16579416795
7.16876905501
7.17199843348
7.17491243759
7.17794557257
7.18090080353
7.18358355089
7.18676067659
7.18954549005
7.19247352476
7.19520678057
7.19807706274
7.20086997477
7.20367775265
7.20659031179
7.20914890781
7.21217654895
7.21459763201
7.21729523516
7.21997266569
7.22271207934
7.2253649858
7.22775991635
7.2308293617
7.23315191165
7.23574717567
7.23853295523
7.24089665693
7.24381053925
7.24641976311
7.24869734924
7.25127176615
7.25369080652
7.25639045813
7.25866235448
7.26128524899
7.26356678361
7.26598546363
7.26823271345
7.27063242094
7.27305822436
7.27560615241
7.27811113513
7.28002176699
7.28239793475
7.28479603594
7.28725596888
7.28920561406
7.29168633055
7.29394071238
7.29618270965
7.29815388736
7.30090007172
7.30298792036
7.3051174574
7.30760293083
7.30962223576
7.31154914672
7.31367038787
7.31582051341
7.31803140844
7.32026793762
7.3221599414
7.32463671451
7.3263717309
7.32839133871
7.33048585387
7.33271555993
7.33476075942
7.33709281221
7.33871378487
7.34095090327
7.34284695923
7.34490263105
7.34666247476
7.34892053677
7.35072087495
7.35248745107
7.35489671922
7.35638392447
7.35844247836
7.36045520048
7.36236636036
7.36431332027
7.36603661429
7.36795223866
7.36970349483
7.37175207373
7.37332904336
7.37506748422
7.37688815607
7.37901887498
7.38072032683
7.38239449973
7.38425119578
7.38606362276
7.38782339499
7.38961911241
7.39161565633
7.39320958051
7.39492096345
7.39668590994
7.39823942634
7.40011868174
7.40166679687
7.40319176071
7.40512240885
7.40678814453
7.40831211135
7.41018488774
7.41180864271
7.41347359543
7.41508328877
7.41650388158
7.41816567874
7.41987552011
7.42156528735
7.4231159719
7.42467008074
7.42624927686
7.42800962293
7.42921708574
7.43103800028
7.43249800362
7.43382689775
7.43565513058
7.43711312722
7.43868762728
7.44008771144
7.44183339747
7.44324505382
7.44476466213
7.44622557958
7.44765753563
7.44905063226
7.45048991838
7.45183862717
7.45384330294
7.45497942343
7.45641222475
7.45768466747
7.45914028508
7.46053936846
7.46207223953
7.46352615948
7.464763687
7.46621042583
7.46881769394
7.47049689087
7.47162311987
7.4730046742
7.47443625161
7.47569516363
7.47717068719
7.47841676377
7.48003826284
7.48115783459
7.48218890907
7.4838299239
7.48513670375
7.48615448897
7.48764231732
7.48895962555
7.49012943789
7.49168510356
7.49259008893
7.49389166614
7.49495274764
7.49659317598
7.49757549308
7.49894080868
7.5002235714
7.50146385798
7.50286230507
7.50419507255
7.50515122528
7.50646194127
7.50751933092
7.50882456212
7.50996355792
7.51109633955
7.51254403897
7.51343114616
7.51461565324
7.51599759696
7.51705166658
7.51805473134
7.51944520719
7.52060402624
7.52160596952
7.52266003872
7.5237203706
7.52508043329
7.52614546414
7.52739176731
7.52864193877
7.52953105256
7.53071540327
7.53173740922
7.53277538549
7.53384842484
7.53507778394
7.53618844477
7.53724212563
7.53845735286
7.53927792966
7.5403618287
7.54135968446
7.54253465216
7.54355710213
7.5447844312
7.54571993604
7.54662204627
7.5478662608
7.54896404646
7.54991779387
7.55079394246
7.55195714478
7.5531469726
7.55392572466
7.55495457865
7.55593629896
7.55686647928
7.55805264821
7.55898838685
7.55980951502
7.5609227107
7.5618558913
7.56281813442
7.56382851357
7.56452218341
7.56578774067
7.56659042328
7.56770153948
7.56865910277
7.56934685137
7.57042186854
7.57152272225
7.57235532854
7.57337659313
7.57434892701
7.57525763425
7.57595607317
7.57709538976
7.57809912785
7.57885984808
7.579732775
7.58078011284
7.58144583215
7.58267234859
7.58345476356
7.58421370334
7.58520486343
7.58617358154
7.58692863935
7.5880135665
7.58848903651
7.58956537147
7.59036841855
7.59134162229
7.59233157159
7.59287445587
7.59393554724
7.59486709316
7.59564539263
7.5964407563
7.59726910605
7.59817107654
7.59893745548
7.59957431185
7.60065194706
7.60140115476
7.60235797176
7.60327239927
7.60373828202
7.60448901313
7.6055681433
7.60636137931
7.60720109929
7.60801065998
7.60884696994
7.60941419172
7.61037562457
7.61115984464
7.61186313469
7.61255123521
7.61356651554
7.61422960052
7.61497260238
7.61569932519
7.61655018026
7.6175081431
7.61824687257
7.61877731508
7.61950196452
7.62031233036
7.62103897199
7.62174762408
7.62259550643
7.62351425264
7.62419004018
7.62497684315
7.62554981391
7.62623654363
7.62702188961
7.62789898388
7.62843928832
7.62931071374
7.6299778995
7.630693452
7.63144169618
7.63211801534
7.63280546283
7.63353634381
7.63414978756
7.63479403439
7.63570347096
7.63636175737
7.63696520919
7.63765208368
7.63841982628
7.63900098019
7.63990767508
7.64055027006
7.64124743847
7.64184136925
7.64259026242
7.64309991679
7.64389627937
7.64473931171
7.64530691863
7.6457763421
7.64656292548
7.64711725583
7.6478565356
7.64840868864
7.64912700501
7.64990646086
7.65049116483
7.65111407702
7.6516243689
7.65254732272
7.65317971703
7.65366542194
7.65440731664
7.65488051069
7.65614787944
7.65699772036
7.65757215098
7.65815500878
7.65872325754
7.65928064622
7.65993743724
7.66052762462
7.66139137329
7.66196287157
7.66249644211
7.66293876736
7.66376002691
7.6643059755
7.6647027238
7.66527115193
7.6659978001
7.66665262171
7.66722978822
7.66777664059
7.66831172698
7.66892154063
7.66952745424
7.6701861804
7.67058055268
7.67128161691
7.67183374404
7.67242094906
7.6731704656
7.67356684793
7.67411978861
7.6747836284
7.67518533563
7.67590061876
7.67656001212
7.67688450189
7.67747925596
7.67816093231
7.67874244396
7.67930874584
7.6797504062
7.68022933426
7.68091273555
7.68144506691
7.68194872327
7.68254856052
7.68293322117
7.68363715771
7.68416444395
7.68467880328
7.68522546588
7.6858268585
7.68634746867
7.68693533006
7.68738240712
7.6877426238
7.68844632225
7.68881606361
7.6892840897
7.68986977029
7.69030138015
7.69093022083
7.69147283318
7.69196311034
7.69250007467
7.69305336168
7.69355498093
7.69416408387
7.69468043202
7.69502520104
7.69544469072
7.6960601995
7.69662302902
7.69708346231
7.69736538864
7.69798127573
7.69848551972
7.69898768487
7.69944871682
7.69990711143
7.70038345343
7.70104424635
7.70145142802
7.7019373946
7.70234767115
7.70286203406
7.70336615387
7.70381378433
7.70444925943
7.70479989512
7.70519736604
7.70587776383
7.706247559
7.70669811457
7.70721329025
7.70770408109
7.70806912527
7.70870420985
7.70908755423
7.709590481
7.70993309856
7.71049485853
7.71090155985
7.71122557591
7.71179388661
7.7122130853
7.71262742184
7.71307451497
7.71361490913
7.71399108382
7.71440466823
7.71495131496
7.71523840878
7.7159443913
7.71620596725
7.71665230372
7.7170286555
7.7174338101
7.71781415555
7.71831716109
7.71878609503
7.71934557663
7.71964265065
7.7199789706
7.72056458118
7.72101665987
7.72158303023
7.72186579464
7.72218596855
7.72270560524
7.72316810372
7.72339924592
7.72390796301
7.72438349436
7.72466356729
7.72509854493
7.72557493709
7.72599440806
7.72630745545
7.7266340904
7.72709806186
7.72757216411
7.72793087084
7.72836590461
7.72873988571
7.72916177639
7.7296378173
7.72995355254
7.73048121599
7.73088849429
7.73118223423
7.73152949472
7.73197604001
7.73222654304
7.73275742745
7.73305757058
7.73364376662
7.73388683836
7.73424268251
7.73461150442
7.7349851276
7.73545502394
7.73587266426
7.73623657355
7.7366591878
7.73720214683
7.73742509974
7.73772142367
7.73814663815
7.73862154784
7.73887674923
7.73925586075
7.73970387071
7.74008112667
7.74046458555
7.74079679938
7.74110386207
7.7414839544
7.74192348434
7.74236683163
7.74243069789
7.74300152582
7.74330668753
7.74358610872
7.74403243707
7.74437022526
7.74487012382
7.74509461838
7.74538086659
7.74577078522
7.74620870321
7.74666320204
7.74690876487
7.74726859899
7.74757307994
7.74794711403
7.74824194865
7.74869401334
7.7490495196
7.74975536175
7.74997882378
7.75031680505
7.75077863407
7.75108481368
7.75135665385
7.75166807285
7.75216282744
7.75234581582
7.75265868891
7.75295323863
7.75344664141
7.75377769994
7.75418677768
7.75444967857
7.75483791133
7.75518713967
7.75533840651
7.75568915498
7.75610002142
7.7563142334
7.75667796126
7.75709652606
7.75727742
7.75778981679
7.75799452276
7.75832718622
7.75861451165
7.75890710706
7.7592585153
7.75973103267
7.75982973529
7.76033555486
7.76061147264
7.76099674367
7.76112356833
7.76153231405
7.76174398236
7.76214286139
7.76241750549
7.76283866474
7.76307198152
7.76343657163
7.76377408845
7.76407130921
7.76430572086
7.76456416971
7.76494661878
7.76533434365
7.76560695203
7.76587314608
7.76621485102
7.76633903937
7.76660462914
7.76689661165
7.76731323442
7.76784601467
7.76791037613
7.76823388796
7.76838236304
7.76889314991
7.76909013341
7.76931888923
7.76970525536
7.76989384727
7.77019206023
7.77065696182
7.77089172365
7.77118670436
7.77135206623
7.7717226738
7.77207984661
7.77248317562
7.77255980395
7.77285831175
7.77305771044
7.77346045615
7.7736814092
7.77395520773
7.77419583453
7.77455426913
7.77483500166
7.77517972013
7.77544273098
7.77572053572
7.77602233278
7.77618007524
7.77652162137
7.77674438669
7.77708168715
7.77726414156
7.77765408021
7.77798047418
7.77826087391
7.77851820796
7.77870826724
7.77908660101
7.77922610692
7.77950350287
7.77975283007
7.78008049384
7.7802727143
7.78052116045
7.78081391793
7.78116108109
7.78147139221
7.78160722827
7.78198283619
7.78224063735
7.78246942822
7.78268710697
7.7828907807
7.78322340087
7.78357697026
7.78370569471
7.78395434964
7.78432591493
7.7845186257
7.78468545197
7.78501772199
7.78527782047
7.78562558583
7.78586437638
7.78606837944
7.78639969746
7.78656583847
7.78683083599
7.78695352485
7.78731585897
7.78761883453
7.78779466831
7.78797593431
7.7882948458
7.7886402081
7.78879707583
7.78910530449
7.78935912429
7.78965574231
7.78982309825
7.79001001959
7.79035315686
7.79056374909
7.79075960864
7.79096536189
7.79128106522
7.79152377585
7.79173230998
7.79201762416
7.79221263335
7.79248133062
7.792736183
7.79296809733
7.79315764683
7.79350485391
7.79371428512
7.7939000565
7.79409886561
7.79430963388
7.79450364628
7.79486854893
7.79506312935
7.79522706007
7.79550895388
7.79583078648
7.79603690135
7.79623421211
7.79650079784
7.79666596451
7.79685560909
7.79720248723
7.79740608245
7.79754235283
7.79784128096
7.79808363701
7.79826384527
7.79837803938
7.79877565765
7.79895618979
7.79917114283
7.79935015343
7.79961109069
7.79975548397
7.80008080592
7.80034298934
7.80052229601
7.80081828862
7.80102243531
7.80121292703
7.80136885006
7.80163892238
7.80186431268
7.80204362818
7.80222210118
7.80248112038
7.80271148061
7.8030429498
7.80320455652
7.80330298268
7.80355094361
7.80398155512
7.80412807579
7.80442224347
7.80461476006
7.80487051087
7.80509753169
7.80522502085
7.80546026702
7.8056665999
7.80589183434
7.80612923193
7.80630841799
7.80649892904
7.80675330208
7.80686270965
7.80712878049
7.80739386169
7.80753012123
7.80766439646
7.80794171934
7.80820093831
7.80825926178
7.80859110967
7.80872193338
7.80895167386
7.80921420767
7.80939417168
7.80956614791
7.80970664362
7.80988919297
7.81012936365
7.81046382808
7.81065877651
7.81068386022
7.81089922183
7.81118901855
7.81141173059
7.8114887362
7.81171678029
7.81203656903
7.81213569695
7.81234595236
7.81252479136
7.81272668993
7.81289195715
7.81306364995
7.81327513019
7.8134798685
7.81371897737
7.81390600134
7.81413045174
7.81431775404
7.81450296986
7.81463596526
7.81485632589
7.8150518929
7.81525592416
7.81540730426
7.8155825562
7.8158225419
7.81604751963
7.81606437256
7.8163232755
7.81643547319
7.81668580327
7.8169110928
7.817126638
7.81741678971
7.81745680131
7.81771140017
7.8178246323
7.81805866939
7.81825319094
7.81833786904
7.81851553818
7.81873175998
7.8189299896
7.81914432178
7.81933907553
7.81943660855
7.81977507993
7.81978904964
7.81999620035
7.82019285491
7.82037038745
7.82050260071
7.82068160165
7.8208831217
7.82110614628
7.82127390006
7.82149683885
7.82161622406
7.82183535982
7.8219708283
7.82226992925
7.82249572111
7.82248352687
7.82266336804
7.82287241367
7.82309017547
7.82315227783
7.82333513272
7.82346950538
7.82363718727
7.82393016833
7.82408335591
7.82413903098
7.82445527804
7.82454397851
7.82471270915
7.82492699216
7.82496358288
7.82519581985
7.82549493774
7.82562807483
7.82577378684
7.82592754235
7.82610600272
7.82629584836
7.8263923733
7.82650506231
7.8267454167
7.82683164007
7.82710205881
7.82721486006
7.82740097905
7.827579938
7.82767178316
7.82791532584
7.82810511976
7.82826693961
7.82839087359
7.82860790357
7.82875340116
7.82888018062
7.82912531444
7.82916137134
7.82942279142
7.82961750543
7.82973068746
7.82980869485
7.83008812782
7.83023106201
7.83031398054
7.83049482458
7.83075396756
7.83078232741
7.83091539363
7.83118314703
7.83132919257
7.83145230688
7.83162445207
7.83181922479
7.83179062099
7.83208192669
7.8323219873
7.83248247039
7.83253694637
7.8326225382
7.83271424876
7.8330224992
7.83318542239
7.83339663858
7.83342584041
7.83367412899
7.83378624905
7.83396557321
7.83409178577
7.83428537483
7.83443392792
7.83444582377
7.83464450628
7.83481099455
7.83504854943
7.83515671346
7.8353763219
7.83547852479
7.83559382866
7.83576946648
7.83595681839
7.83607415119
7.83616649917
7.83633479595
7.83653659411
7.83666904687
7.83681578799
7.8369693674
7.83713615471
7.83714999021
7.83738168434
7.83747805672
7.83770088441
7.83788367887
7.83796270001
7.83812819849
7.83822501814
7.83828116606
7.83853170842
7.83877353952
7.83897752771
7.83910258354
7.83922339723
7.83943954427
7.83959748152
7.8397096036
7.83986536929
7.83988610666
7.84011193869
7.84034850235
7.84041623842
7.84050789279
7.84069060379
7.84081428987
7.84097144144
7.84110980752
7.84121939355
7.84143289022
7.84143908121
7.84166027115
7.84181732556
7.84198681854
7.84207782195
7.84221537551
7.84234378976
7.84252107538
7.84267017672
7.84279251386
7.84295385365
7.84302170141
7.84313607339
7.84329213233
7.84348740082
7.84355801731
7.84372045894
7.8438491185
7.84402549712
7.84409517801
7.84418240369
7.84441040451
7.84449531598
7.84459419966
7.8448051791
7.84490245482
7.84504167666
7.84526207132
7.84540127483
7.84548466166
7.84558200323
7.84582144702
7.84582156973
7.84594026564
7.84616823421
7.84614673727
7.84635995347
7.84652295577
7.84657018422
7.84676411925
7.84682163453
7.8470471937
7.84719304139
7.8473307716
7.84738511989
7.84748770986
7.84762302168
7.84799577751
7.84790266915
7.84803468646
7.84809778344
7.84828435538
7.84847462135
7.84857826849
7.84864200166
7.84876212208
7.84891905724
7.84902752965
7.84914768321
7.8492963124
7.84949977057
7.84955492919
7.84967662744
7.84983717519
7.84990608199
7.85008320104
7.85013231292
7.85031317122
7.85043316222
7.85059662734
7.85069058792
7.85079132087
7.85092140267
7.85101338182
7.85116572812
7.85127913668
7.85150438853
7.85158700616
7.85162217401
7.85176125179
7.85186905714
7.85199585811
7.85214944587
7.85225516918
7.85236753143
7.8524997594
7.85264581448
7.85277424163
7.85282159239
7.85302625747
7.85306212485
7.85322870511
7.85338357803
7.85344186683
7.85347248239
7.85373113255
7.85379434201
7.85393351837
7.85402964256
7.85412006947
7.85439292421
7.8543779248
7.8545958033
7.8546549582
7.85466723057
7.85483534301
7.85498964898
7.85509262288
7.85520686408
7.8553072075
7.85546399016
7.85565020525
7.85567690704
7.85582662864
7.85595209094
7.85601904325
7.8561659419
7.85620699651
7.85632690314
7.85649214504
7.85667826356
7.85670343252
7.85677857117
7.85695782799
7.85706808501
7.85713193588
7.85728110034
7.85739741847
7.85747620631
7.85761290853
7.8577692388
7.85790779536
7.8579362791
7.85808505756
7.85818808639
7.85833074255
7.8583349703
7.8585585167
7.85866452632
7.85872955575
7.85883274144
7.85892001973
7.85905311991
7.85924536804
7.85927125954
7.85941184212
7.85950960939
7.85965919191
7.85968543198
7.85983849464
7.85998158045
7.86003255094
7.86010613762
7.86025483299
7.86041634895
7.86047447501
7.86059855878
7.8606864913
7.86077456943
7.86094695731
7.86097711167
7.86115096004
7.86125148808
7.86133394645
7.8613809356
7.86155635028
7.86160980627
7.86170941651
7.86184327419
7.86196186004
7.8620330873
7.86219533792
7.86229503266
7.86236157456
7.86251031756
7.86259693565
7.86271415326
7.86278705415
7.8629838779
7.86301147252
7.86312497226
7.8633711724
7.86347469857
7.86349995991
7.86362243964
7.86370970351
7.86383570269
7.86383509392
7.86405889592
7.86413850252
7.86418122712
7.86438055077
7.86443357319
7.86449678669
7.86460860425
7.86470528985
7.86485152625
7.86499400057
7.86505803482
7.86522436071
7.86521041609
7.86535038499
7.86547841229
7.8655715462
7.86560652215
7.86574120832
7.86583033121
7.8659701019
7.86604489228
7.86611011886
7.86620165445
7.86630142716
7.866432088
7.8665644614
7.86663910126
7.86669910795
7.86683438065
7.86696573489
7.86700792419
7.86708981809
7.86716894238
7.86728970917
7.86742009676
7.86743801289
7.86756681809
7.86770174595
7.86783098941
7.86790079183
7.86797038137
7.86810496747
7.868217572
7.86825395223
7.86836647215
7.86845148582
7.86854997312
7.86862718917
7.86872893501
7.86889935357
7.86894746153
7.86903348584
7.8691276773
7.86926520171
7.86935051617
7.86947406711
7.86954072913
7.86962260214
7.86968193001
7.86986781855
7.869925231
7.87003079443
7.8701053683
7.87016384977
7.87031318389
7.87034720507
7.87037492347
7.87046988916
7.87065157059
7.87071915219
7.87081395738
7.87085594232
7.87096382496
7.87107485397
7.8712107511
7.87127622708
7.8713828384
7.87147050847
7.87152485175
7.87159343915
7.87169531915
7.8718525683
7.87187693638
7.87195930601
7.87206208986
7.8721992021
7.87223038289
7.8723493945
7.87245995378
7.87252044026
7.87264390281
7.87263678966
7.87276570541
7.87289421379
7.87296190918
7.87300974102
7.87313010145
7.87320667716
7.87326729177
7.87332248069
7.87348689871
7.87357494075
7.87365787128
7.87380577107
7.87381692185
7.87399560253
7.87400633795
7.87409380502
7.87413961856
7.87425090647
7.87436735265
7.874428068
7.87459738181
7.87466475757
7.87470963953
7.87481648784
7.87485975252
7.87497543356
7.87502447312
7.87514416104
7.87522960827
7.87540771631
7.87535976223
7.87550497322
7.87563074707
7.8756652161
7.8757700862
7.87588972827
7.87593856363
7.8759635001
7.87605725697
7.87622865241
7.87627104758
7.87637997195
7.87635344328
7.876498771
7.87657986296
7.87671808222
7.8768146911
7.87685890604
7.87694704898
7.877022174
7.87716896593
7.87715547323
7.877201284
7.87736459218
7.877388407
7.87751691466
7.87764018068
7.87769513298
7.87775064666
7.8778824841
7.87795572514
7.87798875683
7.87807717812
7.87821610705
7.87831994559
7.87834923476
7.87837430311
7.87850420883
7.87859513667
7.87865718323
7.87877461066
7.87884520137
7.8788472199
7.87892439951
7.87905093576
7.87911430218
7.87921924251
7.87932240655
7.87936629791
7.87946131841
7.87953673974
7.87962373792
7.87972152313
7.87979517449
7.87988593818
7.87990537729
7.88000039995
7.88015175746
7.88015026045
7.88027409966
7.88036237196
7.88041076954
7.88047167408
7.88055101196
7.88061757261
7.88076806338
7.88078523982
7.88085732906
7.88098320877
7.88104523593
